9130
8939
5256
2375
9963
9052
942
5587
788
2838
76
4293
541
3451
6347
1921
6236
2230
9978
4178
115
6845
4920
8357
2322
4934
9815
1114
1668
2987
8994
8029
7370
6059
5148
3845
8889
469
9737
4090
2498
8215
8372
3507
1846
3373
6250
7803
4313
5184
9837
6079
3368
4451
7666
9583
3840
6608
1531
6558
4977
7225
8661
6685
2713
5268
8688
4688
2692
9919
8974
6022
9192
9444
3518
6271
6002
9861
2447
7487
4494
1416
6369
8195
7961
122
7583
6399
7309
6356
9726
5626
2056
950
1912
6167
1775
333
1100
6332
5206
3512
3446
8572
112
9716
4255
7466
3041
3273
316
4711
5565
9887
2339
8383
893
7219
9225
4356
9804
9001
1365
1285
6144
6411
3408
6801
3374
8373
5986
494
3194
7765
8324
4001
1990
3270
9910
9025
7163
591
1516
7707
6104
2196
1372
4807
5814
1899
3034
7500
2134
395
1293
7061
1000
5008
8376
7594
3846
206
7278
8825
3493
3311
9373
3120
5055
9325
6724
1522
9715
9647
2708
454
8043
8517
2201
8949
6806
3824
5690
378
8583
6348
3769
5845
19
9906
9787
6967
632
4056
5939
2998
55
911
2274
1691
6449
8197
4863
8036
7921
6564
8558
9732
9607
2754
6599
7303
7841
2440
1657
7498
2105
3894
9124
8149
6928
7234
7579
1144
4939
9687
9316
7706
1413
2518
4652
4039
7142
8426
103
9323
5116
1925
8577
8502
7116
6832
3336
3584
864
6635
4249
3932
9472
8158
7399
7428
8541
3423
9503
5167
8917
1757
9848
3608
2858
6726
6872
3756
1010
7941
3528
2104
12
3448
1967
9454
5538
1729
9535
4330
1371
9506
4709
5821
2393
6838
5873
9203
9874
1904
3344
6628
3648
1318
2551
9820
9351
6873
7540
6207
6661
8637
493
3135
5476
7352
3825
576
2684
6658
7539
5840
2906
7095
1920
1457
423
5738
6384
6863
4292
4675
3743
2640
9616
1659
7166
1850
4177
4020
3504
2045
7859
7565
3252
1492
3514
4103
8051
4301
2400
680
1304
8178
6263
1919
3235
1056
9760
7963
3684
3453
9905
7026
691
142
6881
7411
3966
5209
8243
4958
1735
4945
9016
1151
4015
781
6837
6514
2259
9329
113
1916
9439
8236
8743
6933
3038
467
3598
7668
681
2352
8329
3502
1280
1359
1877
4371
6047
2039
172
7314
1391
8508
5242
7468
1647
5502
381
9664
9030
5914
5886
1282
689
3480
3691
1533
8249
4910
15
4525
3134
8776
5803
1589
9075
4657
4364
3719
1024
6825
5477
3981
7483
7636
870
8093
5715
9188
4497
770
7420
18
9381
3816
5080
1879
6547
7341
109
1890
1727
8070
5245
3544
5113
7021
4410
1927
8827
7261
4327
763
9388
4574
7110
5709
231
5931
843
8294
1820
6124
1730
5789
351
2343
4092
5135
3874
520
228
7178
1434
1576
1209
4049
1520
8854
9885
4037
5554
5937
9055
7911
189
5263
5713
9969
5104
9143
3746
4614
8222
9794
6071
8348
8762
4695
7034
9081
